0	0	34.49781182	2.158728909
100	0.001389	84.74960685	5.303276257
200	0.002778	112.2885646	7.026549157
300	0.004167	109.73495	6.866754626
400	0.005556	77.77338715	4.86673358
500	0.006945	24.96868206	1.562435788
600	0.008334	-34.5273322	-2.160576171
700	0.009723	-84.770544	-5.304586417
800	0.011112	-112.296278	-7.02703183
900	0.012501	-109.727498	-6.866288311
1000	0.01389	-77.7528857	-4.865450685
1100	0.015279	-24.9415387	-1.56073727
1200	0.016668	34.55400509	2.162245249
1300	0.018057	84.78937697	5.305764905
1400	0.019446	112.3016342	7.027366998
1500	0.020835	109.7182702	6.865710874
1600	0.022224	77.73116508	4.864091499
1700	0.023613	24.91274047	1.558935197
1800	0.025002	-34.5820181	-2.163998186
1900	0.026391	-84.8092587	-5.307009021
2000	0.02778	-112.308365	-7.027788184
2100	0.029169	-109.709837	-6.86518316
2200	0.030558	-77.7101243	-4.862774855
2300	0.031947	-24.8847772	-1.557185372
2400	0.033336	34.60944335	2.165714344
2500	0.034725	84.82855919	5.308216765
2600	0.036114	112.3144057	7.028166185
2700	0.037503	109.7009958	6.864629914
2800	0.038892	77.6886114	4.861428667
2900	0.040281	24.85643584	1.555411888
3000	0.04167	-34.6370335	-2.16744082
3100	0.043059	-84.8481972	-5.309445629
3200	0.044448	-112.320718	-7.028561183
3300	0.045837	-109.692377	-6.864090586
3400	0.047226	-77.667395	-4.860101034
3500	0.048615	-24.8282526	-1.553648299
3600	0.050004	34.66459938	2.169165778
3700	0.051393	84.8676909	5.310665464
3800	0.052782	112.3269505	7.028951187
3900	0.054171	109.6836016	6.863541458
4000	0.05556	77.64600852	4.858762757
4100	0.056949	24.80000842	1.551880896
4200	0.058338	-34.6921868	-2.170892083
4300	0.059727	-84.887174	-5.311884635
4400	0.061116	-112.333175	-7.02934069
4500	0.062505	-109.674909	-6.862997511
4600	0.063894	-77.6247085	-4.857429891
4700	0.065283	-24.771792	-1.550115231
4800	0.066672	34.71974572	2.172616605
4900	0.068061	234.4098006	14.6683858
5000	0.06945	378.4591059	23.6823894
5100	0.070839	414.4854894	25.93676993
5200	0.072228	333.4105784	20.86344079
5300	0.073617	165.0057493	10.32537029
5400	0.075006	-9.06071601	-0.566981746
5500	0.076395	-195.940449	-12.26113453
5600	0.077784	-309.803862	-19.38623112
5700	0.079173	-343.192201	-21.47553386
5800	0.080562	-266.384084	-16.66920285
5900	0.081951	-142.309493	-8.90513341
6000	0.08334	31.6220135	1.978773467
6100	0.084729	196.4058319	12.29025625
6200	0.086118	327.0601136	20.46605524
6300	0.087507	364.2008522	22.79016746
6400	0.088896	322.2821538	20.16707048
6500	0.090285	195.4427302	12.22998937
6600	0.091674	22.64883404	1.417269393
6700	0.093063	-167.761495	-10.49781334
6800	0.094452	-300.055754	-18.77623526
6900	0.095841	-356.477473	-22.30687066
7000	0.09723	-306.844713	-19.20105994
7100	0.098619	-177.091489	-11.08164538
7200	0.100008	18.34986101	1.148257624
7300	0.101397	205.4780975	12.85796072
7400	0.102786	340.0766588	21.28057624
7500	0.104175	383.6528656	24.00739318
7600	0.105564	333.2494841	20.85336018
7700	0.106953	190.2583332	11.90557147
7800	0.108342	-1.76067327	-0.110175576
7900	0.109731	-185.733428	-11.62242181
8000	0.11112	-310.265747	-19.41513395
8100	0.112509	-358.183139	-22.41360411
8200	0.113898	-306.550859	-19.18267179
8300	0.115287	-167.395353	-10.4749017
8400	0.116676	20.80902219	1.302141655
8500	0.118065	198.618089	12.42869005
8600	0.119454	327.1850841	20.47387537
8700	0.120843	379.5194828	23.74874335
8800	0.122232	327.7898574	20.51171956
8900	0.123621	187.5884805	11.73850324
9000	0.12501	0.380567403	0.023814318
9100	0.126399	-180.506202	-11.29532385
9200	0.127788	-316.261619	-19.79033057
9300	0.129177	-367.25496	-22.98128076
9400	0.130566	-312.799295	-19.5736728
9500	0.131955	-170.082372	-10.64304412
9600	0.133344	14.67751018	0.918457255
9700	0.134733	200.1644657	12.52545585
9800	0.136122	333.492598	20.86857323
9900	0.137511	380.6841809	23.82162529
10000	0.1389	321.4618627	20.11574009
10100	0.140289	182.7224919	11.43401001
10200	0.141678	-3.45120587	-0.215962042
10300	0.143067	-186.956741	-11.69897162
10400	0.144456	-320.560737	-20.05935141
10500	0.145845	-363.417989	-22.74117915
10600	0.147234	-309.709572	-19.38033085
10700	0.148623	-172.101241	-10.76937651
10800	0.150012	11.61115743	0.726577713
10900	0.151401	197.5555498	12.36220079
11000	0.15279	328.859679	20.57866452
11100	0.154179	375.0122489	23.46669949
11200	0.155568	321.5765669	20.1229178
11300	0.156957	185.4085345	11.60209133
11400	0.158346	-2.81884427	-0.176391495
11500	0.159735	-188.702036	-11.80818489
11600	0.161124	-322.295372	-20.16789762
11700	0.162513	-367.397673	-22.99021115
11800	0.163902	-314.874028	-19.70350092
11900	0.165291	-175.547863	-10.98505171
12000	0.16668	12.88756432	0.806449922
12100	0.168069	198.9752109	12.45103725
12200	0.169458	330.0113489	20.65073121
12300	0.170847	374.7534737	23.45050642
12400	0.172236	320.5613871	20.05939209
12500	0.173625	181.0905413	11.33188936
12600	0.175014	-7.23131111	-0.452505232
12700	0.176403	-191.145121	-11.96106294
12800	0.177792	-321.887963	-20.14240367
12900	0.179181	-367.270747	-22.98226865
13000	0.18057	-313.949159	-19.64562648
13100	0.181959	-174.905917	-10.94488141
13200	0.183348	12.14838613	0.76019524
13300	0.184737	195.3217446	12.22241859
13400	0.186126	327.3103557	20.48171434
13500	0.187515	373.7371728	23.38691055
13600	0.188904	320.2954371	20.04275005
13700	0.190293	180.4757177	11.29341627
13800	0.191682	-6.23126005	-0.389926216
13900	0.193071	-190.6419	-11.92957348
14000	0.19446	-323.729347	-20.25762978
14100	0.195849	-370.304926	-23.17213489
14200	0.197238	-315.315132	-19.73110337
14300	0.198627	-175.624713	-10.98986066
14399	0.20000211	9.421499708	0.589558083
