0	0	34.49781182	2.158728909
100	0.001389	84.74960685	5.303276257
200	0.002778	112.2885646	7.026549157
300	0.004167	109.73495	6.866754626
400	0.005556	77.77338715	4.86673358
500	0.006945	24.96868206	1.562435788
600	0.008334	-34.5273322	-2.160576171
700	0.009723	-84.770544	-5.304586417
800	0.011112	-112.296278	-7.02703183
900	0.012501	-109.727498	-6.866288311
1000	0.01389	-77.7528857	-4.865450685
1100	0.015279	-24.9415387	-1.56073727
1200	0.016668	34.55400509	2.162245249
1300	0.018057	84.78937697	5.305764905
1400	0.019446	112.3016342	7.027366998
1500	0.020835	109.7182702	6.865710874
1600	0.022224	77.73116508	4.864091499
1700	0.023613	24.91274047	1.558935197
1800	0.025002	-34.5820181	-2.163998186
1900	0.026391	-84.8092587	-5.307009021
2000	0.02778	-112.308365	-7.027788184
2100	0.029169	-109.709837	-6.86518316
2200	0.030558	-77.7101243	-4.862774855
2300	0.031947	-24.8847772	-1.557185372
2400	0.033336	34.60944335	2.165714344
2500	0.034725	84.82855919	5.308216765
2600	0.036114	112.3144057	7.028166185
2700	0.037503	109.7009958	6.864629914
2800	0.038892	77.6886114	4.861428667
2900	0.040281	24.85643584	1.555411888
3000	0.04167	-34.6370335	-2.16744082
3100	0.043059	-84.8481972	-5.309445629
3200	0.044448	-112.320718	-7.028561183
3300	0.045837	-109.692377	-6.864090586
3400	0.047226	-77.667395	-4.860101034
3500	0.048615	-24.8282526	-1.553648299
3600	0.050004	34.66459938	2.169165778
3700	0.051393	84.8676909	5.310665464
3800	0.052782	112.3269505	7.028951187
3900	0.054171	109.6836016	6.863541458
4000	0.05556	77.64600852	4.858762757
4100	0.056949	24.80000842	1.551880896
4200	0.058338	-34.6921868	-2.170892083
4300	0.059727	-84.887174	-5.311884635
4400	0.061116	-112.333175	-7.02934069
4500	0.062505	-109.674909	-6.862997511
4600	0.063894	-77.6247085	-4.857429891
4700	0.065283	-24.771792	-1.550115231
4800	0.066672	34.71974572	2.172616605
4900	0.068061	234.0891042	14.64831796
5000	0.06945	377.5883134	23.62789884
5100	0.070839	413.1902747	25.85572081
5200	0.072228	331.630489	20.75205023
5300	0.073617	163.0841122	10.20512227
5400	0.075006	-11.2480097	-0.703853445
5500	0.076395	-197.278533	-12.34486624
5600	0.077784	-311.712066	-19.50563855
5700	0.079173	-344.248403	-21.54162656
5800	0.080562	-267.641518	-16.74788781
5900	0.081951	-142.84247	-8.938484883
6000	0.08334	30.69260769	1.920615135
6100	0.084729	196.8347867	12.31709845
6200	0.086118	327.1563794	20.47207915
6300	0.087507	364.0902987	22.78324948
6400	0.088896	320.9289474	20.08239248
6500	0.090285	194.2461039	12.15510949
6600	0.091674	19.92530481	1.246842314
6700	0.093063	-170.922447	-10.69561251
6800	0.094452	-302.452054	-18.9261857
6900	0.095841	-357.411546	-22.36532105
7000	0.09723	-307.28925	-19.22887721
7100	0.098619	-177.075315	-11.08063328
7200	0.100008	19.31584536	1.208704888
7300	0.101397	206.0322532	12.89263747
7400	0.102786	339.5531842	21.24781939
7500	0.104175	382.1030437	23.9104118
7600	0.105564	332.0527732	20.77847501
7700	0.106953	188.3133692	11.78386375
7800	0.108342	-3.23841641	-0.202646567
7900	0.109731	-187.849572	-11.75484126
8000	0.11112	-311.291416	-19.47931603
8100	0.112509	-359.656585	-22.50580621
8200	0.113898	-307.019721	-19.21201121
8300	0.115287	-168.33687	-10.5338179
8400	0.116676	21.15373554	1.323712376
8500	0.118065	199.082578	12.45775583
8600	0.119454	328.3963248	20.54966975
8700	0.120843	378.7586802	23.7011355
8800	0.122232	327.1178451	20.46966783
8900	0.123621	185.3604874	11.59908474
9000	0.12501	-1.73296729	-0.108441852
9100	0.126399	-184.056353	-11.51747746
9200	0.127788	-317.925945	-19.89447713
9300	0.129177	-368.060102	-23.03166319
9400	0.130566	-311.976278	-19.52217184
9500	0.131955	-169.758314	-10.62276593
9600	0.133344	15.89041674	0.994355879
9700	0.134733	200.3584129	12.53759225
9800	0.136122	333.4517561	20.86601752
9900	0.137511	378.9354391	23.71219634
10000	0.1389	320.1046924	20.03081404
10100	0.140289	180.894709	11.31963499
10200	0.141678	-4.56561218	-0.285696932
10300	0.143067	-188.807485	-11.81478345
10400	0.144456	-321.843519	-20.13962255
10500	0.145845	-364.473245	-22.80721266
10600	0.147234	-309.859063	-19.38968537
10700	0.148623	-172.312056	-10.78256843
10800	0.150012	12.17150354	0.761641831
10900	0.151401	198.5639252	12.42530071
11000	0.15279	329.8139467	20.63837861
11100	0.154179	374.5754046	23.4393636
11200	0.155568	320.2427635	20.03945396
11300	0.156957	183.4434545	11.47912484
11400	0.158346	-5.17925581	-0.324096186
11500	0.159735	-191.019611	-11.95320905
11600	0.161124	-323.689245	-20.25512037
11700	0.162513	-367.427184	-22.99205782
11800	0.163902	-314.247065	-19.6642682
11900	0.165291	-174.477812	-10.91809239
12000	0.16668	13.62043407	0.852309849
12100	0.168069	199.4282643	12.47938744
12200	0.169458	329.6328093	20.62704378
12300	0.170847	374.1112481	23.41031862
12400	0.172236	319.213814	19.9750666
12500	0.173625	179.7797858	11.24986776
12600	0.175014	-8.65019852	-0.541293277
12700	0.176403	-192.252147	-12.030336
12800	0.177792	-323.362253	-20.23465857
12900	0.179181	-368.031249	-23.02985769
13000	0.18057	-314.164613	-19.6591087
13100	0.181959	-174.169815	-10.89881923
13200	0.183348	12.78325602	0.799922745
13300	0.184737	196.5165582	12.29718504
13400	0.186126	328.0514327	20.52808784
13500	0.187515	373.7762731	23.38935729
13600	0.188904	318.8621141	19.95305869
13700	0.190293	178.6536457	11.17939862
13800	0.191682	-8.38885606	-0.524939558
13900	0.193071	-192.350595	-12.03649647
14000	0.19446	-324.991436	-20.33660604
14100	0.195849	-370.24303	-23.1682617
14200	0.197238	-314.631206	-19.68830614
14300	0.198627	-174.421278	-10.91455473
14399	0.20000211	10.27878737	0.643203562
