0.001113651	0.001113651	0.001113651	0.0081909	0.0081909	0.0081909	0.007077344	0.007077344	0.007077344
0.002020325	0.002020325	0.002020325	0.016231222	0.016231222	0.016231222	0.01421105	0.01421105	0.01421105
0.002071536	0.002071536	0.002071536	0.016685147	0.016685147	0.016685147	0.014613752	0.014613752	0.014613752
0.001963558	0.001963558	0.001963558	0.016571512	0.016571512	0.016571512	0.014608117	0.014608117	0.014608117
0.002085199	0.002085199	0.002085199	0.018150421	0.018150421	0.018150421	0.016065423	0.016065423	0.016065423
0.001855869	0.001855869	0.001855869	0.016439382	0.016439382	0.016439382	0.014583718	0.014583718	0.014583718
0.001615093	0.001615093	0.001615093	0.01409226	0.01409226	0.01409226	0.01252607	0.01252607	0.01252607
0.001433071	0.001433071	0.001433071	0.012334392	0.012334392	0.012334392	0.010983874	0.010983874	0.010983874
0.001290044	0.001290044	0.001290044	0.010969327	0.010969327	0.010969327	0.009785103	0.009785103	0.009785103
0.001174176	0.001174176	0.001174176	0.009879178	0.009879178	0.009879178	0.008826542	0.008826542	0.008826542
0.001077942	0.001077942	0.001077942	0.008988907	0.008988907	0.008988907	0.008042497	0.008042497	0.008042497
0.000996341	0.000996341	0.000996341	0.008248477	0.008248477	0.008248477	0.00738918	0.00738918	0.00738918
0.000925925	0.000925925	0.000925925	0.007623232	0.007623232	0.007623232	0.006836267	0.006836267	0.006836267
0.000864244	0.000864244	0.000864244	0.00708841	0.00708841	0.00708841	0.006362103	0.006362103	0.006362103
0.00080951	0.00080951	0.00080951	0.006625835	0.006625835	0.006625835	0.005950818	0.005950818	0.005950818
0.000760397	0.000760397	0.000760397	0.006221871	0.006221871	0.006221871	0.005590513	0.005590513	0.005590513
0.000715895	0.000715895	0.000715895	0.005866082	0.005866082	0.005866082	0.005272085	0.005272085	0.005272085
0.000677024	0.000677024	0.000677024	0.005550348	0.005550348	0.005550348	0.004988466	0.004988466	0.004988466
0.000643281	0.000643281	0.000643281	0.005268251	0.005268251	0.005268251	0.004734068	0.004734068	0.004734068
0.000613858	0.000613858	0.000613858	0.005014656	0.005014656	0.005014656	0.004504428	0.004504428	0.004504428
0.000588137	0.000588137	0.000588137	0.0047854	0.0047854	0.0047854	0.00429595	0.00429595	0.00429595
0.00056561	0.00056561	0.00056561	0.004577076	0.004577076	0.004577076	0.004105702	0.004105702	0.004105702
0.000545798	0.000545798	0.000545798	0.004386868	0.004386868	0.004386868	0.003931251	0.003931251	0.003931251
0.000528291	0.000528291	0.000528291	0.004212434	0.004212434	0.004212434	0.003770575	0.003770575	0.003770575
0.000512779	0.000512779	0.000512779	0.004051801	0.004051801	0.004051801	0.003621999	0.003621999	0.003621999
0.000498995	0.000498995	0.000498995	0.003903302	0.003903302	0.003903302	0.003484112	0.003484112	0.003484112
0.000486683	0.000486683	0.000486683	0.003765522	0.003765522	0.003765522	0.003355709	0.003355709	0.003355709
0.000475621	0.000475621	0.000475621	0.003637251	0.003637251	0.003637251	0.003235964	0.003235964	0.003235964
0.000465623	0.000465623	0.000465623	0.003517447	0.003517447	0.003517447	0.003125164	0.003125164	0.003125164
0.000456529	0.000456529	0.000456529	0.003405212	0.003405212	0.003405212	0.003022402	0.003022402	0.003022402
0.000448189	0.000448189	0.000448189	0.003299766	0.003299766	0.003299766	0.002926888	0.002926888	0.002926888
0.000440472	0.000440472	0.000440472	0.003200431	0.003200431	0.003200431	0.002837926	0.002837926	0.002837926
0.000433261	0.000433261	0.000433261	0.003106615	0.003106615	0.003106615	0.002754896	0.002754896	0.002754896
0.000426454	0.000426454	0.000426454	0.003017803	0.003017803	0.003017803	0.002677248	0.002677248	0.002677248
0.000419961	0.000419961	0.000419961	0.002933542	0.002933542	0.002933542	0.002604488	0.002604488	0.002604488
0.000413705	0.000413705	0.000413705	0.002853433	0.002853433	0.002853433	0.002536175	0.002536175	0.002536175
0.000407617	0.000407617	0.000407617	0.002777128	0.002777128	0.002777128	0.002471909	0.002471909	0.002471909
0.000401639	0.000401639	0.000401639	0.002704318	0.002704318	0.002704318	0.002411331	0.002411331	0.002411331
0.000395715	0.000395715	0.000395715	0.002635219	0.002635219	0.002635219	0.002354116	0.002354116	0.002354116
0.000389799	0.000389799	0.000389799	0.002570068	0.002570068	0.002570068	0.002299968	0.002299968	0.002299968
0.000383851	0.000383851	0.000383851	0.002508569	0.002508569	0.002508569	0.002248617	0.002248617	0.002248617
0.000377834	0.000377834	0.000377834	0.002450451	0.002450451	0.002450451	0.00219982	0.00219982	0.00219982
0.000371731	0.000371731	0.000371731	0.002395465	0.002395465	0.002395465	0.002153354	0.002153354	0.002153354
0.000365534	0.000365534	0.000365534	0.002343381	0.002343381	0.002343381	0.002109017	0.002109017	0.002109017
0.000359218	0.000359218	0.000359218	0.002293981	0.002293981	0.002293981	0.002066623	0.002066623	0.002066623
0.00035277	0.00035277	0.00035277	0.002247062	0.002247062	0.002247062	0.002026002	0.002026002	0.002026002
0.000346186	0.000346186	0.000346186	0.002202441	0.002202441	0.002202441	0.001987002	0.001987002	0.001987002
0.000339467	0.000339467	0.000339467	0.002159945	0.002159945	0.002159945	0.001949481	0.001949481	0.001949481
0.000332618	0.000332618	0.000332618	0.002119411	0.002119411	0.002119411	0.001913312	0.001913312	0.001913312
0.000326287	0.000326287	0.000326287	0.002080687	0.002080687	0.002080687	0.001878381	0.001878381	0.001878381
0.000320591	0.000320591	0.000320591	0.002043628	0.002043628	0.002043628	0.001844584	0.001844584	0.001844584
0.000315487	0.000315487	0.000315487	0.002008099	0.002008099	0.002008099	0.001811827	0.001811827	0.001811827
0.00031093	0.00031093	0.00031093	0.001973984	0.001973984	0.001973984	0.001780024	0.001780024	0.001780024
0.000306878	0.000306878	0.000306878	0.001941178	0.001941178	0.001941178	0.0017491	0.0017491	0.0017491
0.000303285	0.000303285	0.000303285	0.001909567	0.001909567	0.001909567	0.001718988	0.001718988	0.001718988
0.000300112	0.000300112	0.000300112	0.001879048	0.001879048	0.001879048	0.00168963	0.00168963	0.00168963
0.000297312	0.000297312	0.000297312	0.001849531	0.001849531	0.001849531	0.001660972	0.001660972	0.001660972
0.000294844	0.000294844	0.000294844	0.001820935	0.001820935	0.001820935	0.001632968	0.001632968	0.001632968
0.000292664	0.000292664	0.000292664	0.00179318	0.00179318	0.00179318	0.001605581	0.001605581	0.001605581
0.000290733	0.000290733	0.000290733	0.001766193	0.001766193	0.001766193	0.001578863	0.001578863	0.001578863
0.00028901	0.00028901	0.00028901	0.001739909	0.001739909	0.001739909	0.001553346	0.001553346	0.001553346
0.000287457	0.000287457	0.000287457	0.001714274	0.001714274	0.001714274	0.001528975	0.001528975	0.001528975
0.000286034	0.000286034	0.000286034	0.001689229	0.001689229	0.001689229	0.001505682	0.001505682	0.001505682
0.000284708	0.000284708	0.000284708	0.001664725	0.001664725	0.001664725	0.001483403	0.001483403	0.001483403
0.000270471	0.000270471	0.000270471	0.001538372	0.001538372	0.001538372	0.001374344	0.001374344	0.001374344
0.000227892	0.000227892	0.000227892	0.001160483	0.001160483	0.001160483	0.00104262	0.00104262	0.00104262
0.000197038	0.000197038	0.000197038	0.000886661	0.000886661	0.000886661	0.00080373	0.00080373	0.00080373
0.000174464	0.000174464	0.000174464	0.000633834	0.000633834	0.000633834	0.000578005	0.000578005	0.000578005
0.000137225	0.000137225	0.000137225	0.000252026	0.000252026	0.000252026	0.00023837	0.00023837	0.00023837
0.000128962	0.000128962	0.000128962	0.000128998	0.000128998	0.000128998	0.000128907	0.000128907	0.000128907
0.000128962	0.000128962	0.000128962	0.000128997	0.000128997	0.000128997	0.000128899	0.000128899	0.000128899
0.000128963	0.000128963	0.000128963	0.000128996	0.000128996	0.000128996	0.000128894	0.000128894	0.000128894
0.000128964	0.000128964	0.000128964	0.000128995	0.000128995	0.000128995	0.000128889	0.000128889	0.000128889
0.000128965	0.000128965	0.000128965	0.000128994	0.000128994	0.000128994	0.000128881	0.000128881	0.000128881
0.000128965	0.000128965	0.000128965	0.000128992	0.000128992	0.000128992	0.000128872	0.000128872	0.000128872
0.000128967	0.000128967	0.000128967	0.000128991	0.000128991	0.000128991	0.000128868	0.000128868	0.000128868
0.000128969	0.000128969	0.000128969	0.00012899	0.00012899	0.00012899	0.000128867	0.000128867	0.000128867
0.000128969	0.000128969	0.000128969	0.000128989	0.000128989	0.000128989	0.000128864	0.000128864	0.000128864
0.000128969	0.000128969	0.000128969	0.000128988	0.000128988	0.000128988	0.000128862	0.000128862	0.000128862
0.000128966	0.000128966	0.000128966	0.000128987	0.000128987	0.000128987	0.000128864	0.000128864	0.000128864
0.000128964	0.000128964	0.000128964	0.000128986	0.000128986	0.000128986	0.000128865	0.000128865	0.000128865
0.000128958	0.000128958	0.000128958	0.000128986	0.000128986	0.000128986	0.000128862	0.000128862	0.000128862
0.000128952	0.000128952	0.000128952	0.000128986	0.000128986	0.000128986	0.000128859	0.000128859	0.000128859
0.000128956	0.000128956	0.000128956	0.000128986	0.000128986	0.000128986	0.00012886	0.00012886	0.00012886
0.00012896	0.00012896	0.00012896	0.000128987	0.000128987	0.000128987	0.000128863	0.000128863	0.000128863
0.000128951	0.000128951	0.000128951	0.000128987	0.000128987	0.000128987	0.000128862	0.000128862	0.000128862
0.000128941	0.000128941	0.000128941	0.000128987	0.000128987	0.000128987	0.00012886	0.00012886	0.00012886
0.000128944	0.000128944	0.000128944	0.000128986	0.000128986	0.000128986	0.000128855	0.000128855	0.000128855
0.00012895	0.00012895	0.00012895	0.000128986	0.000128986	0.000128986	0.000128851	0.000128851	0.000128851
0.00012895	0.00012895	0.00012895	0.000128987	0.000128987	0.000128987	0.00012885	0.00012885	0.00012885
0.000128948	0.000128948	0.000128948	0.000128988	0.000128988	0.000128988	0.00012885	0.00012885	0.00012885
0.000128944	0.000128944	0.000128944	0.000128989	0.000128989	0.000128989	0.000128849	0.000128849	0.000128849
0.000128939	0.000128939	0.000128939	0.000128989	0.000128989	0.000128989	0.000128847	0.000128847	0.000128847
0.000128935	0.000128935	0.000128935	0.000128989	0.000128989	0.000128989	0.000128847	0.000128847	0.000128847
0.000128932	0.000128932	0.000128932	0.00012899	0.00012899	0.00012899	0.000128847	0.000128847	0.000128847
0.000128926	0.000128926	0.000128926	0.00012899	0.00012899	0.00012899	0.000128847	0.000128847	0.000128847
0.000128923	0.000128923	0.000128923	0.000128991	0.000128991	0.000128991	0.000128847	0.000128847	0.000128847
0.000128926	0.000128926	0.000128926	0.000128991	0.000128991	0.000128991	0.000128847	0.000128847	0.000128847
0.00012893	0.00012893	0.00012893	0.000128992	0.000128992	0.000128992	0.000128847	0.000128847	0.000128847
0.000128931	0.000128931	0.000128931	0.000128994	0.000128994	0.000128994	0.000128847	0.000128847	0.000128847
0.00012893	0.00012893	0.00012893	0.000128997	0.000128997	0.000128997	0.000128846	0.000128846	0.000128846
0.000128928	0.000128928	0.000128928	0.000129002	0.000129002	0.000129002	0.000128845	0.000128845	0.000128845
0.000128926	0.000128926	0.000128926	0.000128997	0.000128997	0.000128997	0.000128844	0.000128844	0.000128844
0.000128926	0.000128926	0.000128926	0.000128991	0.000128991	0.000128991	0.000128844	0.000128844	0.000128844
0.000128928	0.000128928	0.000128928	0.000128988	0.000128988	0.000128988	0.000128843	0.000128843	0.000128843
0.000128937	0.000128937	0.000128937	0.00012899	0.00012899	0.00012899	0.000128843	0.000128843	0.000128843
0.000128943	0.000128943	0.000128943	0.000128994	0.000128994	0.000128994	0.000128844	0.000128844	0.000128844
0.000128936	0.000128936	0.000128936	0.000128992	0.000128992	0.000128992	0.000128843	0.000128843	0.000128843
0.000128927	0.000128927	0.000128927	0.000128987	0.000128987	0.000128987	0.000128842	0.000128842	0.000128842
0.000128926	0.000128926	0.000128926	0.000128985	0.000128985	0.000128985	0.000128842	0.000128842	0.000128842
0.000128928	0.000128928	0.000128928	0.000128982	0.000128982	0.000128982	0.000128843	0.000128843	0.000128843
0.000128929	0.000128929	0.000128929	0.000128978	0.000128978	0.000128978	0.000128844	0.000128844	0.000128844
0.000128929	0.000128929	0.000128929	0.000128974	0.000128974	0.000128974	0.000128844	0.000128844	0.000128844
0.000128927	0.000128927	0.000128927	0.000128965	0.000128965	0.000128965	0.000128846	0.000128846	0.000128846
0.000128926	0.000128926	0.000128926	0.000128958	0.000128958	0.000128958	0.000128847	0.000128847	0.000128847
0.000128924	0.000128924	0.000128924	0.000128962	0.000128962	0.000128962	0.000128847	0.000128847	0.000128847
0.000128923	0.000128923	0.000128923	0.000128967	0.000128967	0.000128967	0.000128847	0.000128847	0.000128847
0.000128923	0.000128923	0.000128923	0.000128964	0.000128964	0.000128964	0.000128848	0.000128848	0.000128848
0.000128923	0.000128923	0.000128923	0.000128957	0.000128957	0.000128957	0.000128849	0.000128849	0.000128849
0.000128921	0.000128921	0.000128921	0.000128955	0.000128955	0.000128955	0.000128849	0.000128849	0.000128849
0.000128919	0.000128919	0.000128919	0.000128955	0.000128955	0.000128955	0.000128849	0.000128849	0.000128849
0.000128917	0.000128917	0.000128917	0.000128955	0.000128955	0.000128955	0.000128852	0.000128852	0.000128852
0.000128917	0.000128917	0.000128917	0.000128956	0.000128956	0.000128956	0.000128853	0.000128853	0.000128853
0.000128916	0.000128916	0.000128916	0.000128955	0.000128955	0.000128955	0.000128861	0.000128861	0.000128861
0.000128916	0.000128916	0.000128916	0.000128956	0.000128956	0.000128956	0.000128869	0.000128869	0.000128869
0.000128916	0.000128916	0.000128916	0.000128958	0.000128958	0.000128958	0.000128866	0.000128866	0.000128866
0.000128915	0.000128915	0.000128915	0.000128962	0.000128962	0.000128962	0.000128861	0.000128861	0.000128861
0.000128914	0.000128914	0.000128914	0.000128966	0.000128966	0.000128966	0.000128866	0.000128866	0.000128866
0.000128914	0.000128914	0.000128914	0.000128972	0.000128972	0.000128972	0.000128872	0.000128872	0.000128872
0.000128914	0.000128914	0.000128914	0.000128981	0.000128981	0.000128981	0.000128871	0.000128871	0.000128871
0.000128915	0.000128915	0.000128915	0.000128989	0.000128989	0.000128989	0.00012887	0.00012887	0.00012887
0.000128916	0.000128916	0.000128916	0.000128994	0.000128994	0.000128994	0.000128874	0.000128874	0.000128874
0.000128917	0.000128917	0.000128917	0.000128996	0.000128996	0.000128996	0.00012888	0.00012888	0.00012888
0.000128918	0.000128918	0.000128918	0.000128997	0.000128997	0.000128997	0.000128888	0.000128888	0.000128888
0.000128919	0.000128919	0.000128919	0.000128996	0.000128996	0.000128996	0.000128893	0.000128893	0.000128893
0.00012892	0.00012892	0.00012892	0.000128995	0.000128995	0.000128995	0.00012889	0.00012889	0.00012889
0.000128921	0.000128921	0.000128921	0.000128993	0.000128993	0.000128993	0.000128886	0.000128886	0.000128886
0.000128922	0.000128922	0.000128922	0.000128992	0.000128992	0.000128992	0.000128887	0.000128887	0.000128887
0.000128923	0.000128923	0.000128923	0.000128992	0.000128992	0.000128992	0.000128892	0.000128892	0.000128892
0.000128924	0.000128924	0.000128924	0.000128991	0.000128991	0.000128991	0.000128898	0.000128898	0.000128898
0.000128925	0.000128925	0.000128925	0.00012899	0.00012899	0.00012899	0.000128905	0.000128905	0.000128905
0.000128927	0.000128927	0.000128927	0.000128989	0.000128989	0.000128989	0.000128912	0.000128912	0.000128912
0.000128928	0.000128928	0.000128928	0.000128989	0.000128989	0.000128989	0.000128919	0.000128919	0.000128919
0.000128932	0.000128932	0.000128932	0.000128989	0.000128989	0.000128989	0.00012892	0.00012892	0.00012892
0.000128934	0.000128934	0.000128934	0.000128989	0.000128989	0.000128989	0.000128921	0.000128921	0.000128921
0.000128938	0.000128938	0.000128938	0.000128989	0.000128989	0.000128989	0.000128924	0.000128924	0.000128924
0.000128942	0.000128942	0.000128942	0.000128988	0.000128988	0.000128988	0.000128926	0.000128926	0.000128926
0.000128935	0.000128935	0.000128935	0.000128987	0.000128987	0.000128987	0.000128926	0.000128926	0.000128926
0.000128927	0.000128927	0.000128927	0.000128985	0.000128985	0.000128985	0.000128922	0.000128922	0.000128922
0.000128928	0.000128928	0.000128928	0.000128985	0.000128985	0.000128985	0.000128912	0.000128912	0.000128912
0.00012893	0.00012893	0.00012893	0.000128984	0.000128984	0.000128984	0.000128905	0.000128905	0.000128905
0.000128926	0.000128926	0.000128926	0.000128984	0.000128984	0.000128984	0.000128915	0.000128915	0.000128915
0.000128919	0.000128919	0.000128919	0.000128985	0.000128985	0.000128985	0.000128927	0.000128927	0.000128927
0.00012891	0.00012891	0.00012891	0.000128984	0.000128984	0.000128984	0.000128931	0.000128931	0.000128931
0.000128903	0.000128903	0.000128903	0.000128984	0.000128984	0.000128984	0.000128931	0.000128931	0.000128931
0.000128905	0.000128905	0.000128905	0.000128984	0.000128984	0.000128984	0.000128931	0.000128931	0.000128931
0.000128909	0.000128909	0.000128909	0.000128985	0.000128985	0.000128985	0.000128929	0.000128929	0.000128929
0.00012891	0.00012891	0.00012891	0.000128985	0.000128985	0.000128985	0.000128927	0.000128927	0.000128927
0.000128909	0.000128909	0.000128909	0.000128986	0.000128986	0.000128986	0.000128926	0.000128926	0.000128926
0.000128908	0.000128908	0.000128908	0.000128988	0.000128988	0.000128988	0.000128923	0.000128923	0.000128923
0.000128909	0.000128909	0.000128909	0.000128989	0.000128989	0.000128989	0.000128921	0.000128921	0.000128921
0.000128911	0.000128911	0.000128911	0.00012899	0.00012899	0.00012899	0.00012892	0.00012892	0.00012892
0.000128914	0.000128914	0.000128914	0.000128991	0.000128991	0.000128991	0.000128918	0.000128918	0.000128918
0.000128917	0.000128917	0.000128917	0.000128995	0.000128995	0.000128995	0.000128916	0.000128916	0.000128916
0.00012892	0.00012892	0.00012892	0.000128997	0.000128997	0.000128997	0.000128915	0.000128915	0.000128915
0.000128919	0.000128919	0.000128919	0.000128997	0.000128997	0.000128997	0.000128914	0.000128914	0.000128914
0.000128916	0.000128916	0.000128916	0.000128999	0.000128999	0.000128999	0.000128914	0.000128914	0.000128914
0.000128912	0.000128912	0.000128912	0.000129003	0.000129003	0.000129003	0.000128914	0.000128914	0.000128914
0.000128909	0.000128909	0.000128909	0.000129006	0.000129006	0.000129006	0.000128914	0.000128914	0.000128914
0.000128911	0.000128911	0.000128911	0.000129002	0.000129002	0.000129002	0.000128914	0.000128914	0.000128914
0.000128916	0.000128916	0.000128916	0.000128997	0.000128997	0.000128997	0.000128914	0.000128914	0.000128914
0.000128924	0.000128924	0.000128924	0.000128997	0.000128997	0.000128997	0.000128916	0.000128916	0.000128916
0.000128931	0.000128931	0.000128931	0.000128999	0.000128999	0.000128999	0.000128917	0.000128917	0.000128917
0.000128933	0.000128933	0.000128933	0.000129	0.000129	0.000129	0.000128918	0.000128918	0.000128918
0.000128933	0.000128933	0.000128933	0.000129001	0.000129001	0.000129001	0.000128918	0.000128918	0.000128918
0.000128935	0.000128935	0.000128935	0.000128998	0.000128998	0.000128998	0.000128919	0.000128919	0.000128919
0.000128937	0.000128937	0.000128937	0.000128994	0.000128994	0.000128994	0.00012892	0.00012892	0.00012892
0.000128935	0.000128935	0.000128935	0.000128995	0.000128995	0.000128995	0.000128921	0.000128921	0.000128921
0.000128933	0.000128933	0.000128933	0.000128996	0.000128996	0.000128996	0.000128922	0.000128922	0.000128922
0.000128932	0.000128932	0.000128932	0.000128992	0.000128992	0.000128992	0.000128923	0.000128923	0.000128923
0.000128932	0.000128932	0.000128932	0.000128986	0.000128986	0.000128986	0.000128925	0.000128925	0.000128925
0.00012893	0.00012893	0.00012893	0.000128985	0.000128985	0.000128985	0.000128926	0.000128926	0.000128926
0.000128928	0.000128928	0.000128928	0.000128985	0.000128985	0.000128985	0.000128927	0.000128927	0.000128927
0.000128927	0.000128927	0.000128927	0.000128982	0.000128982	0.000128982	0.000128929	0.000128929	0.000128929
0.000128927	0.000128927	0.000128927	0.000128978	0.000128978	0.000128978	0.000128931	0.000128931	0.000128931
0.000128927	0.000128927	0.000128927	0.000128974	0.000128974	0.000128974	0.000128928	0.000128928	0.000128928
0.000640714	0.000128926	0.000128926	0.000131549	0.00012897	0.00012897	0.000130973	0.000128926	0.000128926
0.002244871	0.000128926	0.000128926	0.000134122	0.000128967	0.000128967	0.00013889	0.00012892	0.00012892
0.005738804	0.000128925	0.000128925	0.000146427	0.000128963	0.000128963	0.000155574	0.000128913	0.000128913
0.021029939	0.000128925	0.000128925	0.00022262	0.000128955	0.000128955	0.000231776	0.000128914	0.000128914
0.028764143	0.000128925	0.000128925	0.000261068	0.000128948	0.000128948	0.000270235	0.000128918	0.000128918
0.096468674	0.000128926	0.000128926	0.000594234	0.000128947	0.000128947	0.000604683	0.000128917	0.000128917
0.138224375	0.000128927	0.000128927	0.000799077	0.000128949	0.000128949	0.000809739	0.000128917	0.000128917
0.255513789	0.000128926	0.000128926	0.001381056	0.000128946	0.000128946	0.001391723	0.000128927	0.000128927
0.391032717	0.000449232	0.000128925	0.002054359	0.000130573	0.000128944	0.002065033	0.000130567	0.000128938
0.40072032	0.001462449	0.000128925	0.002104513	0.000134067	0.000128944	0.002115188	0.000131088	0.000128939
0.440030025	0.003732332	0.000128925	0.002296586	0.000144419	0.000128945	0.002303266	0.000137445	0.000128937
0.457162735	0.013584308	0.000128925	0.002380516	0.000193542	0.000128947	0.00238222	0.000186567	0.000128937
0.46219741	0.018716853	0.000128926	0.002405365	0.000218791	0.000128945	0.002401454	0.000212109	0.000128937
0.46395009	0.062796043	0.000128926	0.002413957	0.000438256	0.000128944	0.002404172	0.000425703	0.000128936
0.464152767	0.089520417	0.000128926	0.002414878	0.000571459	0.000128943	0.002403255	0.000552836	0.000128933
0.464375481	0.168491094	0.000128927	0.00241591	0.000961558	0.000128942	0.002402225	0.000945047	0.000128931
0.464616048	0.258497865	0.000184095	0.002417042	0.001406462	0.000129216	0.002401092	0.001392636	0.000128652
0.464872178	0.262195595	0.000352183	0.002418267	0.001423109	0.00012836	0.002399865	0.001412513	0.000129496
0.465141373	0.291425398	0.000633319	0.002419571	0.001566788	0.000126955	0.002398556	0.001549898	0.000130889
0.465421085	0.303999292	0.001989005	0.002420939	0.001628721	0.000133683	0.00239718	0.001605635	0.000131427
0.465708576	0.307594433	0.00246298	0.002422361	0.001646541	0.000136012	0.002395752	0.001617422	0.000129092
0.466001118	0.308952904	0.007826242	0.002423823	0.001653288	0.000157505	0.002394289	0.001618355	0.000155652
0.466295849	0.309247571	0.011785947	0.002425311	0.001654775	0.000171815	0.002392803	0.001616865	0.000175376
0.466589465	0.309541131	0.017388339	0.00242681	0.001656275	0.000199092	0.002391302	0.001615364	0.000197442
0.466878988	0.309830601	0.025612068	0.002428306	0.001657772	0.000239374	0.002389807	0.001613869	0.000232888
0.467161685	0.310113236	0.030070037	0.002429783	0.00165925	0.000261411	0.002388334	0.001612395	0.000250508
0.467434782	0.310386269	0.032097295	0.002431228	0.001660696	0.000271594	0.002386895	0.001610956	0.00025674
0.467695668	0.310647101	0.032744782	0.002432628	0.001662097	0.000274926	0.002385506	0.001609568	0.000256631
0.46794181	0.310893189	0.032791251	0.002433968	0.001663437	0.000275278	0.002384174	0.001608234	0.000256284
0.468170878	0.311122193	0.032955922	0.002435235	0.001664706	0.000276228	0.002383091	0.001607159	0.000255329
0.468380634	0.31133189	0.03316561	0.002436418	0.00166589	0.000277412	0.002382509	0.001606585	0.000254749
0.468569073	0.311520289	0.033353985	0.002437506	0.001666979	0.000278501	0.002382439	0.001606516	0.000254681
0.468734363	0.311685551	0.033519214	0.002438488	0.001667961	0.000279484	0.002382881	0.001606956	0.000255125
0.46887493	0.311826111	0.033659735	0.002439354	0.001668828	0.000280351	0.002383744	0.001607818	0.000255989
0.468989408	0.311940573	0.033774156	0.002440095	0.00166957	0.000281093	0.002384483	0.001608557	0.000256729
0.469076703	0.312027801	0.033861357	0.002440705	0.001670181	0.000281703	0.002385091	0.001609165	0.000257338
0.46913597	0.312087002	0.033920521	0.002441177	0.001670653	0.000282177	0.002385562	0.001609636	0.00025781
0.469166632	0.312117668	0.033951097	0.002441508	0.001670984	0.00028251	0.002385891	0.001609966	0.00025814
0.469168409	0.312119454	0.033952797	0.002441695	0.001671171	0.000282699	0.002386075	0.001610152	0.000258325
0.469189211	0.312140309	0.033973653	0.002441736	0.001671215	0.000282739	0.002386112	0.00161019	0.000258364
0.469238729	0.312189897	0.034023233	0.002441627	0.001671112	0.00028263	0.002386003	0.001610081	0.000258256
0.469316527	0.312267737	0.034101141	0.002441368	0.001670859	0.000282372	0.002385747	0.001609826	0.000258001
0.469421825	0.312373063	0.034206549	0.002440963	0.00167046	0.000281972	0.002385349	0.001609428	0.000257603
0.469553608	0.312504867	0.034338402	0.002441176	0.001670669	0.000282176	0.00238481	0.00160889	0.000257065
0.4697106	0.312661881	0.034495434	0.002441853	0.001671342	0.000282845	0.002384137	0.001608217	0.000256393
0.469891346	0.312842652	0.034676192	0.002442652	0.001672141	0.000283645	0.002383336	0.001607416	0.000255593
0.470094038	0.313045382	0.034878892	0.002443571	0.001673059	0.000284567	0.002382415	0.001606495	0.000254673
0.470316719	0.313268118	0.03510159	0.002444607	0.001674092	0.000285597	0.002381382	0.001605462	0.000253641
0.470557236	0.313508703	0.035342144	0.002445745	0.001675224	0.000286728	0.002380247	0.001604328	0.000252507
0.470813329	0.313764878	0.035598315	0.002446974	0.001676443	0.000287948	0.002379022	0.001603103	0.000251282
0.471082508	0.314034126	0.035867569	0.002448279	0.001677738	0.000289246	0.002377718	0.0016018	0.000249979
0.471362228	0.314313891	0.036147327	0.002449642	0.001679101	0.000290608	0.002376348	0.001600431	0.000248609
0.471649752	0.314601423	0.036434866	0.002451057	0.001680519	0.000292024	0.002374926	0.00159901	0.000247188
0.471942364	0.314893966	0.036727465	0.002452519	0.001681982	0.000293487	0.002373465	0.001597548	0.00024573
0.472237163	0.315188706	0.037022275	0.00245401	0.001683472	0.000294978	0.002371978	0.001596062	0.000244246
0.472530805	0.315482388	0.03731601	0.002455513	0.001684972	0.000296475	0.002370481	0.001594565	0.000242744
0.472820341	0.315772003	0.037605662	0.002457013	0.001686467	0.000297967	0.002368988	0.001593072	0.000241244
0.473103067	0.316054792	0.037888463	0.002458493	0.001687945	0.000299444	0.002367512	0.001591599	0.000239765
0.473376205	0.316327979	0.038161657	0.002459939	0.001689391	0.00030089	0.002366068	0.001590158	0.000238321
0.473637133	0.316588942	0.038422648	0.002461337	0.00169079	0.000302294	0.00236467	0.001588762	0.000236927
0.473883323	0.316835165	0.038668902	0.002462676	0.00169213	0.000303639	0.002363332	0.001587423	0.000235595
0.474112461	0.317064333	0.03889809	0.002463947	0.001693402	0.000304911	0.002362248	0.001586345	0.00023451
0.474322283	0.3172742	0.039107969	0.002465135	0.00169459	0.000306098	0.002361667	0.001585772	0.00023393
0.474510753	0.317462765	0.039296535	0.002466229	0.001695678	0.000307187	0.002361604	0.001585708	0.000233866
0.474164285	0.317628179	0.039461951	0.002464635	0.001696661	0.00030817	0.002360005	0.001586153	0.000234313
0.472700757	0.317768838	0.03960264	0.002462924	0.001697533	0.00030904	0.002352947	0.001587018	0.000235182
0.469321382	0.317883416	0.03971724	0.002451355	0.001698283	0.000309785	0.002336995	0.001587757	0.000235927
0.454117631	0.31797087	0.039804653	0.002375765	0.001698903	0.000310398	0.002261397	0.001588359	0.000236532
0.446442784	0.318030308	0.039864044	0.002337785	0.001699383	0.000310873	0.002223407	0.001588822	0.000236996
0.378769009	0.318061116	0.03989486	0.00200495	0.001699712	0.0003112	0.001889287	0.001589149	0.000237321
0.337015172	0.318063018	0.039896785	0.001800294	0.001699894	0.000311381	0.001684418	0.001589333	0.000237503
0.219746497	0.318083721	0.039917493	0.001218352	0.001699934	0.000311422	0.001102474	0.001589365	0.000237535
0.08427703	0.317812843	0.039966931	0.000544938	0.001698198	0.000311317	0.000429058	0.00158762	0.000237422
0.074667153	0.316877313	0.040044612	0.000494527	0.001694446	0.000311059	0.00037865	0.001586845	0.000237166
0.035462668	0.314712615	0.040149782	0.000302057	0.001683693	0.000310656	0.000190173	0.001580087	0.000236767
0.018461676	0.304992336	0.040281458	0.000218334	0.001634778	0.000310864	0.000110673	0.001530419	0.000236223
0.013583926	0.300016697	0.040438345	0.000194154	0.001610198	0.000311535	9.07563E-05	0.001504197	0.000235545
0.012011898	0.256118128	0.040618954	0.00018636	0.00139153	0.000312335	8.72326E-05	0.001289803	0.00023474
0.01201183	0.229596328	0.04082152	0.000186358	0.001259247	0.000313255	8.72282E-05	0.001161752	0.000233818
0.012011761	0.150848268	0.041044123	0.000186357	0.000870177	0.000314287	8.72302E-05	0.000768507	0.000232784
0.012011699	0.061081974	0.04122942	0.000186356	0.000426405	0.000315145	8.72347E-05	0.00031978	0.000231928
0.012011652	0.057640303	0.041317382	0.000186355	0.000410982	0.000317224	8.72365E-05	0.000298671	0.00022986
0.012011616	0.028679634	0.041305371	0.000186352	0.000268605	0.000319932	8.72392E-05	0.000159975	0.000227164
0.012011587	0.016385396	0.040229326	0.000186351	0.00020804	0.000314572	8.72477E-05	0.000102863	0.000225256
0.012011569	0.013077702	0.040042781	0.00018635	0.00019164	0.000313664	8.72568E-05	8.96504E-05	0.000226167
0.012011563	0.012011744	0.034972015	0.000186349	0.000186353	0.000293633	8.72602E-05	8.72541E-05	0.000198142
0.012011571	0.012011795	0.031307015	0.000186347	0.000186352	0.000280809	8.72627E-05	8.72571E-05	0.000176929
0.012011596	0.01201185	0.02599823	0.000186345	0.00018635	0.000255029	8.72708E-05	8.72616E-05	0.000153368
0.012011633	0.012011914	0.018064029	0.000186344	0.000186348	0.000216242	8.72782E-05	8.72646E-05	0.000116431
0.012011671	0.012011986	0.013888765	0.000186344	0.000186348	0.000195682	8.7277E-05	8.72635E-05	9.73368E-05
0.012011718	0.012012069	0.012134621	0.000186344	0.000186348	0.000186944	8.72737E-05	8.72602E-05	8.96628E-05
0.012011784	0.012012162	0.011748052	0.000186344	0.000186347	0.000185013	8.7275E-05	8.72535E-05	8.83833E-05
0.01201186	0.012012263	0.011947767	0.000186344	0.000186347	0.000186001	8.72777E-05	8.72495E-05	8.73995E-05
0.012011936	0.012012372	0.012012213	0.000186345	0.000186346	0.000186319	8.72772E-05	8.72434E-05	8.72726E-05
0.012012017	0.012012484	0.012012335	0.000186347	0.000186346	0.000186319	8.72773E-05	8.72354E-05	8.72723E-05
0.012012114	0.012012595	0.01201247	0.000186347	0.000186346	0.000186318	8.72763E-05	8.72336E-05	8.72724E-05
0.012012221	0.012012707	0.012012609	0.000186348	0.000186346	0.000186318	8.72746E-05	8.72344E-05	8.7272E-05
0.012012331	0.012012813	0.012012722	0.000186349	0.000186346	0.000186318	8.72728E-05	8.72344E-05	8.72702E-05
0.012012448	0.012012924	0.012012862	0.00018635	0.000186346	0.000186318	8.72711E-05	8.72339E-05	8.7268E-05
0.012012581	0.012013074	0.012013096	0.000186351	0.000186347	0.000186318	8.72704E-05	8.72335E-05	8.72663E-05
0.012012712	0.012013215	0.012013348	0.000186352	0.000186349	0.000186318	8.727E-05	8.72327E-05	8.72648E-05
0.01201282	0.012013285	0.012013547	0.000186353	0.00018635	0.000186319	8.72692E-05	8.72309E-05	8.72638E-05
0.012012923	0.012013353	0.012013715	0.000186355	0.000186351	0.000186319	8.72687E-05	8.72289E-05	8.72626E-05
0.01201281	0.012013215	0.012013573	0.000186356	0.000186355	0.00018632	8.72687E-05	8.72274E-05	8.72607E-05
0.012012697	0.012013054	0.012013425	0.000186359	0.000186358	0.00018632	8.72689E-05	8.72264E-05	8.72587E-05
0.012012579	0.012012905	0.012013226	0.00018637	0.000186355	0.000186321	8.72685E-05	8.72262E-05	8.72572E-05
0.012012476	0.012012777	0.012013036	0.000186383	0.000186352	0.000186321	8.72682E-05	8.72261E-05	8.7256E-05
0.012012433	0.012012688	0.012012914	0.00018637	0.000186347	0.000186323	8.72685E-05	8.72255E-05	8.72551E-05
0.012012388	0.012012609	0.01201283	0.00018636	0.00018634	0.000186325	8.72689E-05	8.7225E-05	8.72544E-05
0.012012261	0.012012516	0.012012752	0.000186355	0.00018634	0.000186322	8.72696E-05	8.72252E-05	8.7254E-05
0.012012139	0.012012411	0.012012683	0.000186353	0.000186341	0.000186319	8.727E-05	8.72257E-05	8.72535E-05
0.012012109	0.012012294	0.012012632	0.000186353	0.000186337	0.000186316	8.727E-05	8.72257E-05	8.7252E-05
0.012012125	0.012012181	0.012012578	0.000186353	0.000186333	0.000186314	8.72698E-05	8.72255E-05	8.72505E-05
0.012012148	0.012012101	0.012012492	0.000186348	0.000186336	0.000186312	8.72698E-05	8.7226E-05	8.72499E-05
0.012012164	0.012012037	0.012012407	0.000186343	0.00018634	0.000186311	8.72698E-05	8.72265E-05	8.72495E-05
0.012012172	0.012011949	0.012012353	0.000186344	0.00018634	0.000186312	8.72697E-05	8.72258E-05	8.72496E-05
0.01201217	0.012011887	0.012012311	0.000186347	0.000186337	0.000186314	8.72695E-05	8.72251E-05	8.72491E-05
0.012012133	0.01201192	0.012012277	0.000186345	0.000186334	0.000186316	8.72695E-05	8.72254E-05	8.72447E-05
0.012012121	0.012011972	0.012012227	0.000186342	0.000186331	0.000186317	8.72695E-05	8.72257E-05	8.72427E-05
0.012012194	0.012011958	0.01201214	0.000186337	0.000186329	0.000186318	8.72692E-05	8.72262E-05	8.72499E-05
0.012012302	0.012011932	0.012012049	0.000186333	0.000186327	0.00018632	8.7269E-05	8.72244E-05	8.726E-05
0.012012405	0.012011947	0.012011962	0.000186335	0.000186324	0.000186324	8.72698E-05	8.72176E-05	8.72675E-05
0.012012492	0.012011983	0.012011919	0.000186339	0.000186321	0.000186328	8.72705E-05	8.72103E-05	8.72719E-05
0.012012554	0.012012025	0.012011968	0.000186343	0.000186318	0.000186327	8.72703E-05	8.7205E-05	8.72735E-05
0.012012606	0.012012061	0.012012043	0.000186344	0.000186316	0.000186325	8.72699E-05	8.72045E-05	8.72722E-05
0.012012637	0.01201208	0.012012085	0.000186343	0.000186314	0.000186323	8.727E-05	8.71965E-05	8.72768E-05
0.012012694	0.012012095	0.012012105	0.000186341	0.000186313	0.000186322	8.72693E-05	8.71863E-05	8.72819E-05
0.012012843	0.012012108	0.012012104	0.000186336	0.000186315	0.000186323	8.72689E-05	8.71801E-05	8.72858E-05
0.012013003	0.012012133	0.012012108	0.000186334	0.000186315	0.000186326	8.72675E-05	8.71768E-05	8.72876E-05
0.012013083	0.012012198	0.012012137	0.000186341	0.000186309	0.000186328	8.72613E-05	8.71745E-05	8.72853E-05
0.012013147	0.012012264	0.01201219	0.000186348	0.000186301	0.000186331	8.72572E-05	8.71743E-05	8.72827E-05
0.012013267	0.012012277	0.012012278	0.000186346	0.000186293	0.000186338	8.72642E-05	8.71777E-05	8.72836E-05
0.012013404	0.012012291	0.012012372	0.000186342	0.000186288	0.000186346	8.72726E-05	8.71817E-05	8.72858E-05
0.01201352	0.012012358	0.012012438	0.000186339	0.000186289	0.000186356	8.72734E-05	8.71845E-05	8.72864E-05
0.012013628	0.01201245	0.012012503	0.00018634	0.000186294	0.000186362	8.72701E-05	8.71852E-05	8.72865E-05
0.012013513	0.012012359	0.012012405	0.000186345	0.000186302	0.00018636	8.7265E-05	8.71824E-05	8.72885E-05
0.012013397	0.01201227	0.012012301	0.000186351	0.00018631	0.000186356	8.72613E-05	8.71791E-05	8.72901E-05
0.012013284	0.012012184	0.012012215	0.000186355	0.000186316	0.000186358	8.72613E-05	8.7177E-05	8.72874E-05
0.012013176	0.012012097	0.01201214	0.000186357	0.000186319	0.000186362	8.72653E-05	8.71775E-05	8.72862E-05
0.012013075	0.012012004	0.012012067	0.000186355	0.000186317	0.000186358	8.72738E-05	8.71836E-05	8.72906E-05
0.012012981	0.012011915	0.012012	0.000186353	0.000186316	0.000186355	8.72833E-05	8.71907E-05	8.72991E-05
0.012012891	0.012011847	0.012011943	0.000186351	0.000186314	0.000186353	8.72919E-05	8.71933E-05	8.73125E-05
0.01201281	0.012011789	0.012011892	0.000186349	0.000186312	0.000186351	8.72969E-05	8.71957E-05	8.73236E-05
0.012012742	0.012011735	0.012011845	0.000186347	0.00018631	0.000186349	8.72952E-05	8.72017E-05	8.73265E-05
0.012012685	0.012011687	0.012011804	0.000186344	0.000186308	0.000186347	8.72912E-05	8.72098E-05	8.73237E-05
0.012012634	0.012011649	0.01201177	0.000186342	0.000186306	0.000186345	8.72891E-05	8.72191E-05	8.73149E-05
0.012012592	0.01201162	0.012011746	0.00018634	0.000186305	0.000186344	8.72882E-05	8.72281E-05	8.73079E-05
0.012012559	0.012011598	0.012011739	0.000186339	0.000186304	0.000186341	8.72886E-05	8.72347E-05	8.73106E-05
0.012012535	0.012011587	0.012011741	0.000186337	0.000186303	0.000186339	8.7288E-05	8.72397E-05	8.73173E-05
0.012012521	0.012011583	0.012011745	0.000186336	0.000186303	0.000186338	8.72842E-05	8.72461E-05	8.73232E-05
0.012012518	0.012011593	0.01201176	0.000186336	0.000186302	0.000186336	8.72789E-05	8.72498E-05	8.73272E-05
0.012012523	0.012011627	0.012011794	0.000186336	0.000186301	0.000186336	8.72727E-05	8.72455E-05	8.73278E-05
0.012012544	0.012011675	0.012011841	0.000186337	0.0001863	0.000186335	8.72675E-05	8.724E-05	8.73263E-05
0.012012586	0.012011731	0.012011895	0.000186337	0.000186299	0.000186335	8.72665E-05	8.72403E-05	8.73248E-05
0.01201264	0.012011795	0.012011958	0.000186337	0.000186298	0.000186335	8.72658E-05	8.72429E-05	8.73226E-05
0.012012698	0.012011867	0.012012034	0.000186337	0.000186298	0.000186335	8.72604E-05	8.72443E-05	8.73169E-05
0.012012762	0.012011951	0.012012121	0.000186338	0.000186298	0.000186335	8.72553E-05	8.72456E-05	8.73131E-05
0.012012838	0.012012048	0.012012214	0.000186338	0.000186298	0.000186336	8.72545E-05	8.72434E-05	8.7309E-05
0.012012926	0.012012152	0.012012316	0.000186338	0.000186299	0.000186337	8.72517E-05	8.7241E-05	8.73023E-05
0.012013028	0.012012263	0.012012425	0.000186339	0.0001863	0.000186338	8.72502E-05	8.72391E-05	8.7298E-05
0.012013136	0.012012376	0.012012542	0.00018634	0.000186302	0.000186338	8.72496E-05	8.72374E-05	8.72954E-05
0.012013246	0.012012488	0.012012682	0.000186341	0.000186302	0.000186339	8.72494E-05	8.72359E-05	8.7294E-05
0.01201336	0.012012612	0.012012819	0.000186342	0.000186303	0.00018634	8.72492E-05	8.72344E-05	8.72931E-05
0.012013469	0.012012751	0.012012899	0.000186343	0.000186304	0.000186341	8.72486E-05	8.72328E-05	8.72921E-05
0.012013586	0.012012914	0.012012986	0.000186344	0.000186305	0.000186343	8.72479E-05	8.72313E-05	8.7291E-05
0.012013744	0.012013125	0.012013168	0.000186346	0.000186306	0.000186344	8.72473E-05	8.72307E-05	8.72898E-05
0.012013893	0.012013328	0.012013359	0.000186348	0.000186308	0.000186344	8.72466E-05	8.72304E-05	8.72887E-05
0.012013811	0.01201318	0.012013256	0.00018635	0.000186306	0.000186346	8.72459E-05	8.72297E-05	8.72877E-05
0.012013739	0.012013063	0.012013171	0.000186351	0.000186305	0.000186348	8.72449E-05	8.72288E-05	8.72868E-05
0.012013635	0.012012977	0.012013036	0.00018635	0.000186308	0.00018635	8.72437E-05	8.72278E-05	8.72861E-05
0.012013496	0.012012877	0.012012878	0.000186348	0.000186312	0.000186352	8.72426E-05	8.72269E-05	8.72857E-05
0.01201331	0.01201271	0.012012731	0.000186346	0.000186311	0.000186347	8.72418E-05	8.72264E-05	8.72859E-05
0.012013119	0.012012538	0.012012593	0.000186344	0.00018631	0.000186343	8.72413E-05	8.72261E-05	8.72861E-05
0.012012967	0.012012407	0.012012445	0.000186344	0.000186307	0.000186343	8.72407E-05	8.72258E-05	8.72855E-05
0.012012829	0.012012311	0.012012324	0.000186342	0.000186303	0.000186346	8.72403E-05	8.72254E-05	8.72849E-05
0.012012691	0.012012262	0.01201228	0.000186334	0.000186302	0.000186355	8.72405E-05	8.72248E-05	8.72854E-05
0.012012552	0.012012211	0.012012259	0.000186326	0.000186301	0.000186363	8.72411E-05	8.72242E-05	8.72863E-05
0.012012397	0.012012097	0.012012204	0.000186322	0.000186299	0.000186365	8.72422E-05	8.72236E-05	8.72873E-05
0.012012269	0.012011973	0.012012148	0.000186322	0.000186298	0.000186364	8.72433E-05	8.72232E-05	8.72882E-05
0.01201221	0.012011906	0.012012121	0.000186328	0.000186301	0.000186366	8.72441E-05	8.72234E-05	8.72886E-05
0.012012184	0.012011855	0.012012116	0.000186335	0.000186304	0.000186367	8.72446E-05	8.72238E-05	8.7289E-05
0.012012167	0.012011756	0.012012134	0.000186338	0.000186304	0.000186361	8.72444E-05	8.72241E-05	8.72901E-05
0.012012137	0.01201168	0.012012164	0.000186338	0.000186305	0.000186355	8.72444E-05	8.72247E-05	8.72905E-05
0.012012082	0.012011723	0.012012185	0.000186337	0.000186306	0.000186354	8.72452E-05	8.72257E-05	8.72899E-05
0.01201202	0.012011793	0.012012215	0.000186335	0.00018631	0.000186356	8.72463E-05	8.72274E-05	8.72871E-05
0.012011947	0.012011776	0.012012296	0.00018633	0.000186318	0.000186356	8.72476E-05	8.72293E-05	8.72809E-05
0.012011908	0.012011765	0.012012368	0.000186327	0.000186327	0.000186355	8.72479E-05	8.72313E-05	8.72736E-05
0.012011959	0.012011859	0.01201236	0.000186331	0.000186335	0.000186357	8.72462E-05	8.7235E-05	8.72675E-05
0.012012038	0.012011989	0.012012343	0.000186338	0.000186341	0.00018636	8.72441E-05	8.72365E-05	8.72636E-05
0.012012086	0.01201208	0.012012374	0.000186344	0.000186349	0.000186361	8.72465E-05	8.72418E-05	8.72648E-05
0.012012133	0.012012167	0.012012452	0.000186348	0.000186354	0.000186363	8.72466E-05	8.7249E-05	8.72627E-05
0.012012199	0.01201229	0.012012581	0.000186349	0.000186352	0.000186364	8.72396E-05	8.72541E-05	8.72566E-05
0.01201229	0.012012418	0.012012729	0.000186348	0.000186349	0.000186365	8.72327E-05	8.72564E-05	8.72492E-05
0.012012428	0.012012518	0.012012866	0.000186346	0.000186352	0.000186368	8.72344E-05	8.72548E-05	8.72422E-05
0.012012567	0.01201261	0.012012997	0.000186346	0.000186358	0.000186371	8.72383E-05	8.72512E-05	8.72372E-05
0.012012652	0.012012715	0.012013135	0.000186353	0.000186364	0.000186371	8.72388E-05	8.72486E-05	8.72371E-05
0.012012727	0.012012826	0.012013266	0.000186361	0.000186369	0.00018637	8.72382E-05	8.72455E-05	8.72373E-05
0.012012839	0.012012939	0.012013373	0.000186367	0.000186375	0.000186368	8.72365E-05	8.72389E-05	8.72324E-05
0.012012963	0.012013052	0.012013472	0.000186369	0.000186379	0.000186368	8.72366E-05	8.72331E-05	8.72265E-05
0.012012853	0.012012942	0.012013362	0.000186366	0.000186377	0.000186377	8.7244E-05	8.72329E-05	8.72221E-05
0.012012746	0.012012836	0.01201325	0.000186362	0.000186372	0.000186387	8.72501E-05	8.72339E-05	8.72202E-05
0.012012631	0.012012737	0.012013145	0.000186362	0.000186373	0.000186393	8.72456E-05	8.72325E-05	8.72235E-05
0.012012519	0.012012643	0.012013046	0.000186364	0.000186376	0.000186396	8.72373E-05	8.72288E-05	8.72261E-05
0.012012419	0.012012554	0.012012953	0.000186362	0.000186373	0.000186394	8.72324E-05	8.72228E-05	8.72238E-05
0.012012327	0.012012469	0.012012865	0.000186361	0.000186371	0.000186392	8.72292E-05	8.72159E-05	8.72177E-05
0.012012237	0.012012386	0.012012777	0.000186359	0.000186369	0.000186389	8.72241E-05	8.72089E-05	8.72072E-05
0.012012151	0.012012309	0.012012696	0.000186357	0.000186367	0.000186387	8.72212E-05	8.72027E-05	8.71988E-05
0.01201207	0.012012244	0.012012633	0.000186356	0.000186365	0.000186385	8.72262E-05	8.71987E-05	8.71982E-05
0.012011997	0.012012189	0.012012582	0.000186354	0.000186363	0.000186384	8.72318E-05	8.71951E-05	8.72028E-05
0.012011933	0.01201214	0.012012539	0.000186353	0.000186361	0.000186383	8.72311E-05	8.71905E-05	8.72122E-05
0.01201188	0.012012102	0.012012506	0.000186353	0.000186358	0.000186381	8.72276E-05	8.71853E-05	8.72201E-05
0.012011844	0.012012079	0.012012481	0.000186352	0.000186356	0.00018638	8.72234E-05	8.71799E-05	8.72204E-05
0.012011822	0.012012069	0.012012467	0.000186351	0.000186355	0.000186379	8.72209E-05	8.71755E-05	8.7217E-05
0.012011812	0.012012068	0.01201247	0.00018635	0.000186353	0.000186378	8.72228E-05	8.7173E-05	8.72128E-05
0.012011815	0.012012077	0.012012486	0.000186349	0.000186352	0.000186377	8.72262E-05	8.71725E-05	8.72097E-05
0.012011837	0.012012091	0.01201251	0.000186348	0.000186352	0.000186377	8.72285E-05	8.71742E-05	8.72096E-05
0.012011866	0.012012115	0.012012542	0.000186347	0.000186352	0.000186377	8.72302E-05	8.71772E-05	8.7211E-05
0.012011892	0.012012154	0.012012583	0.000186347	0.000186351	0.000186377	8.72312E-05	8.71802E-05	8.72121E-05
0.012011925	0.012012206	0.012012635	0.000186346	0.000186351	0.000186376	8.72325E-05	8.71837E-05	8.72137E-05
0.012011977	0.012012274	0.012012699	0.000186345	0.000186351	0.000186377	8.72358E-05	8.71896E-05	8.72176E-05
0.012012043	0.012012353	0.012012775	0.000186345	0.000186352	0.000186377	8.72391E-05	8.71947E-05	8.72211E-05
0.012012119	0.01201244	0.012012858	0.000186346	0.000186353	0.000186377	8.72382E-05	8.71935E-05	8.72212E-05
0.012012203	0.012012534	0.012012948	0.000186348	0.000186353	0.000186377	8.72381E-05	8.71937E-05	8.72221E-05
0.012012292	0.012012635	0.012013048	0.000186348	0.000186354	0.000186378	8.72377E-05	8.7193E-05	8.72213E-05
0.012012388	0.01201274	0.012013154	0.000186349	0.000186356	0.000186379	8.7237E-05	8.71922E-05	8.722E-05
0.012012493	0.012012845	0.012013261	0.00018635	0.000186357	0.00018638	8.7236E-05	8.7192E-05	8.72194E-05
0.012012604	0.012012956	0.012013373	0.000186351	0.000186358	0.000186381	8.72349E-05	8.71918E-05	8.7219E-05
0.012012715	0.012013082	0.012013507	0.000186352	0.00018636	0.000186382	8.72339E-05	8.71911E-05	8.72185E-05
0.012012832	0.012013207	0.012013636	0.000186354	0.000186361	0.000186384	8.7233E-05	8.71902E-05	8.72179E-05
0.012012954	0.012013326	0.012013712	0.000186356	0.000186363	0.000186386	8.72324E-05	8.71892E-05	8.72172E-05
0.012013089	0.012013432	0.012013795	0.000186358	0.000186364	0.000186388	8.72319E-05	8.71883E-05	8.72168E-05
0.01201294	0.012013362	0.012013631	0.00018636	0.000186363	0.000186392	8.7231E-05	8.71881E-05	8.72169E-05
0.012012782	0.012013284	0.012013451	0.000186361	0.000186364	0.000186396	8.72304E-05	8.71881E-05	8.72172E-05
0.012012598	0.012013144	0.012013325	0.000186357	0.000186371	0.0001864	8.72307E-05	8.71878E-05	8.72176E-05
0.012012445	0.012012983	0.012013218	0.000186352	0.00018638	0.000186403	8.72312E-05	8.71877E-05	8.72178E-05
0.012012395	0.012012855	0.012013088	0.000186353	0.000186372	0.000186403	8.72313E-05	8.71879E-05	8.72175E-05
0.012012377	0.012012731	0.012012959	0.000186352	0.000186367	0.000186404	8.72313E-05	8.71884E-05	8.7217E-05
0.01201232	0.01201257	0.012012854	0.000186352	0.00018637	0.000186404	8.7231E-05	8.71887E-05	8.72167E-05
0.012012251	0.012012422	0.012012757	0.000186352	0.000186375	0.000186401	8.72306E-05	8.71891E-05	8.72165E-05
0.012012184	0.012012335	0.012012646	0.000186348	0.000186382	0.000186389	8.72307E-05	8.71893E-05	8.72167E-05
0.012012124	0.012012283	0.012012539	0.000186346	0.000186386	0.000186378	8.72307E-05	8.71897E-05	8.72169E-05
0.012012098	0.012012238	0.01201246	0.00018635	0.000186384	0.000186375	8.72299E-05	8.71903E-05	8.72171E-05
0.012012061	0.012012204	0.012012386	0.000186353	0.00018638	0.000186375	8.72294E-05	8.7191E-05	8.72174E-05
0.012011958	0.012012181	0.012012313	0.00018635	0.000186375	0.000186376	8.723E-05	8.71919E-05	8.72177E-05
0.012011859	0.012012163	0.012012234	0.000186344	0.000186372	0.000186377	8.72313E-05	8.71926E-05	8.72181E-05
0.012011825	0.012012167	0.012012125	0.00018634	0.000186373	0.000186376	8.72331E-05	8.71931E-05	8.7219E-05
0.012011848	0.012012155	0.01201205	0.000186339	0.000186373	0.000186375	8.72347E-05	8.71936E-05	8.72201E-05
0.012011937	0.012012081	0.012012074	0.000186341	0.000186368	0.000186375	8.72351E-05	8.71935E-05	8.72202E-05
0.012012042	0.012012003	0.012012151	0.000186344	0.000186363	0.000186375	8.72357E-05	8.71947E-05	8.72214E-05
0.012012109	0.012011989	0.012012242	0.000186346	0.000186361	0.000186377	8.72367E-05	8.72001E-05	8.72246E-05
0.012012173	0.012012008	0.012012334	0.000186345	0.00018636	0.000186377	8.72392E-05	8.72058E-05	8.723E-05
0.012012261	0.012012018	0.012012418	0.000186343	0.000186362	0.00018637	8.72453E-05	8.72081E-05	8.72401E-05
0.012012359	0.01201205	0.012012485	0.000186339	0.000186363	0.000186363	8.72509E-05	8.72092E-05	8.72489E-05
0.012012475	0.01201214	0.012012525	0.00018633	0.000186357	0.000186365	8.72493E-05	8.72075E-05	8.72491E-05
0.012012571	0.012012257	0.012012557	0.000186324	0.000186352	0.000186371	8.7251E-05	8.7205E-05	8.72517E-05
0.012012588	0.012012367	0.012012588	0.000186329	0.000186354	0.00018637	8.72548E-05	8.72E-05	8.72495E-05
0.012012607	0.01201249	0.012012637	0.000186339	0.00018636	0.000186367	8.72598E-05	8.7196E-05	8.72464E-05
0.012012713	0.012012654	0.012012739	0.000186347	0.000186369	0.000186369	8.72676E-05	8.71975E-05	8.72474E-05
0.012012851	0.012012822	0.012012849	0.000186353	0.000186376	0.000186372	8.7273E-05	8.72002E-05	8.72498E-05
0.01201297	0.01201296	0.012012912	0.000186357	0.000186382	0.000186372	8.72698E-05	8.71993E-05	8.72487E-05
0.012013083	0.012013081	0.012012976	0.000186359	0.000186385	0.000186371	8.72643E-05	8.7198E-05	8.72499E-05
0.012013201	0.012013192	0.012013091	0.000186355	0.000186383	0.000186372	8.72634E-05	8.71989E-05	8.72608E-05
0.012013321	0.012013303	0.012013222	0.000186352	0.000186381	0.000186374	8.72631E-05	8.72016E-05	8.72725E-05
0.012013199	0.012013185	0.012013111	0.000186354	0.000186386	0.000186376	8.72599E-05	8.72057E-05	8.7277E-05
0.012013083	0.012013063	0.012013008	0.000186358	0.000186392	0.000186377	8.72555E-05	8.72104E-05	8.72764E-05
0.012012981	0.012012942	0.012012907	0.000186361	0.000186396	0.000186377	8.7251E-05	8.7216E-05	8.72736E-05
0.012012882	0.012012826	0.012012807	0.000186364	0.000186398	0.000186379	8.72482E-05	8.72204E-05	8.72693E-05
0.012012774	0.012012719	0.012012703	0.000186362	0.000186397	0.000186376	8.72473E-05	8.72211E-05	8.72616E-05
0.012012668	0.012012622	0.012012606	0.000186359	0.000186396	0.000186374	8.72489E-05	8.72206E-05	8.72565E-05
0.012012576	0.012012534	0.012012528	0.000186357	0.000186394	0.000186373	8.72582E-05	8.72214E-05	8.72605E-05
0.012012495	0.012012454	0.012012459	0.000186355	0.000186392	0.000186371	8.72647E-05	8.72226E-05	8.72678E-05
0.012012418	0.012012381	0.012012386	0.000186353	0.00018639	0.000186369	8.72554E-05	8.72232E-05	8.72747E-05
0.012012351	0.012012316	0.012012318	0.000186352	0.000186389	0.000186367	8.72439E-05	8.72237E-05	8.72783E-05
0.012012303	0.012012261	0.012012256	0.00018635	0.000186388	0.000186366	8.72433E-05	8.72248E-05	8.72757E-05
0.012012264	0.012012215	0.012012207	0.000186348	0.000186386	0.000186365	8.72485E-05	8.72258E-05	8.72706E-05
0.012012226	0.012012183	0.012012176	0.000186347	0.000186386	0.000186363	8.72549E-05	8.72271E-05	8.72649E-05
0.012012197	0.012012161	0.012012158	0.000186346	0.000186386	0.000186362	8.72611E-05	8.72269E-05	8.72613E-05
0.012012188	0.012012147	0.012012146	0.000186345	0.000186385	0.000186362	8.72664E-05	8.72221E-05	8.72646E-05
0.012012193	0.012012144	0.012012144	0.000186345	0.000186384	0.000186362	8.72702E-05	8.72172E-05	8.72684E-05
0.012012206	0.012012155	0.012012151	0.000186344	0.000186383	0.000186361	8.72724E-05	8.72162E-05	8.72654E-05
0.012012232	0.012012181	0.012012171	0.000186344	0.000186382	0.00018636	8.7273E-05	8.72171E-05	8.72612E-05
0.012012274	0.01201222	0.012012208	0.000186343	0.000186382	0.00018636	8.72716E-05	8.72184E-05	8.72604E-05
0.012012328	0.012012271	0.012012258	0.000186343	0.000186382	0.00018636	8.72702E-05	8.72196E-05	8.72624E-05
0.012012387	0.012012332	0.012012315	0.000186344	0.000186382	0.00018636	8.72713E-05	8.72196E-05	8.72677E-05
0.012012454	0.012012401	0.012012381	0.000186345	0.000186382	0.00018636	8.72733E-05	8.72196E-05	8.72726E-05
0.012012531	0.01201247	0.012012463	0.000186344	0.000186383	0.000186361	8.72715E-05	8.72181E-05	8.72726E-05
0.012012617	0.012012548	0.012012555	0.000186344	0.000186384	0.000186362	8.72699E-05	8.72164E-05	8.7274E-05
0.01201271	0.012012642	0.012012652	0.000186346	0.000186384	0.000186363	8.72686E-05	8.7216E-05	8.72728E-05
0.01201281	0.012012748	0.012012755	0.000186348	0.000186384	0.000186365	8.72675E-05	8.7216E-05	8.7271E-05
0.012012915	0.01201286	0.012012864	0.000186349	0.000186385	0.000186367	8.72666E-05	8.72153E-05	8.72703E-05
0.012013024	0.012012975	0.012012977	0.000186349	0.000186387	0.000186369	8.72658E-05	8.72146E-05	8.727E-05
0.012013142	0.012013096	0.012013092	0.000186351	0.000186388	0.00018637	8.72647E-05	8.72148E-05	8.72692E-05
0.01201326	0.012013213	0.012013207	0.000186353	0.00018639	0.000186371	8.72638E-05	8.72151E-05	8.72684E-05
0.012013367	0.012013311	0.012013326	0.000186354	0.000186391	0.000186372	8.72632E-05	8.7215E-05	8.72683E-05
0.012013476	0.012013416	0.012013441	0.000186355	0.000186394	0.000186373	8.72628E-05	8.72146E-05	8.72683E-05
0.01201335	0.012013295	0.012013348	0.000186356	0.000186396	0.000186374	8.72628E-05	8.72137E-05	8.7268E-05
0.012013217	0.012013154	0.012013253	0.000186359	0.000186397	0.000186376	8.72628E-05	8.7213E-05	8.72678E-05
0.012013092	0.012012956	0.01201312	0.000186363	0.0001864	0.000186382	8.72623E-05	8.72128E-05	8.72674E-05
0.012012972	0.012012786	0.012012989	0.000186368	0.0001864	0.000186388	8.72618E-05	8.7213E-05	8.72674E-05
0.012012834	0.012012732	0.012012896	0.000186368	0.00018641	0.000186385	8.72616E-05	8.72134E-05	8.7268E-05
0.01201272	0.012012723	0.012012822	0.00018637	0.00018642	0.000186384	8.72617E-05	8.72137E-05	8.72688E-05
0.012012693	0.012012714	0.012012753	0.000186367	0.000186421	0.000186382	8.72625E-05	8.72131E-05	8.72696E-05
0.012012678	0.012012679	0.012012686	0.000186362	0.000186416	0.000186381	8.72633E-05	8.72126E-05	8.72701E-05
0.012012597	0.012012575	0.012012611	0.000186361	0.000186409	0.000186382	8.72634E-05	8.72131E-05	8.72699E-05
0.012012503	0.012012467	0.012012544	0.000186358	0.000186403	0.000186383	8.72634E-05	8.72138E-05	8.72697E-05
0.012012452	0.012012434	0.012012514	0.000186351	0.000186402	0.000186382	8.7264E-05	8.72141E-05	8.72695E-05
0.012012422	0.012012428	0.012012493	0.000186344	0.000186403	0.000186381	8.72646E-05	8.72142E-05	8.72698E-05
0.012012387	0.012012385	0.012012439	0.000186337	0.000186407	0.000186381	8.72644E-05	8.72144E-05	8.72709E-05
0.012012354	0.012012358	0.012012401	0.000186332	0.00018641	0.000186382	8.72641E-05	8.72146E-05	8.7272E-05
0.012012354	0.012012423	0.012012431	0.000186332	0.000186405	0.000186383	8.72637E-05	8.7215E-05	8.72719E-05
0.012012339	0.012012502	0.012012485	0.000186333	0.0001864	0.000186384	8.72637E-05	8.72153E-05	8.72718E-05
0.01201224	0.012012511	0.01201253	0.00018633	0.000186405	0.000186385	8.72652E-05	8.72162E-05	8.72725E-05
0.012012141	0.012012502	0.012012561	0.000186327	0.000186412	0.000186384	8.72664E-05	8.72169E-05	8.72728E-05
0.012012142	0.012012535	0.012012569	0.000186328	0.000186411	0.000186378	8.7266E-05	8.72153E-05	8.72735E-05
0.01201217	0.012012581	0.012012578	0.00018633	0.000186406	0.000186373	8.72651E-05	8.72145E-05	8.7272E-05
0.01201214	0.012012591	0.012012617	0.000186328	0.0001864	0.000186378	8.72641E-05	8.72185E-05	8.7263E-05
0.012012119	0.012012607	0.012012681	0.000186327	0.000186397	0.000186384	8.72639E-05	8.72222E-05	8.72545E-05
0.012012166	0.012012696	0.012012746	0.000186337	0.000186401	0.000186387	8.72619E-05	8.7223E-05	8.72535E-05
0.012012263	0.012012784	0.012012844	0.000186347	0.000186407	0.000186387	8.72592E-05	8.72262E-05	8.72503E-05
0.012012412	0.012012791	0.01201303	0.000186352	0.000186411	0.000186387	8.72585E-05	8.72327E-05	8.7252E-05
0.012012564	0.012012785	0.012013215	0.000186353	0.000186411	0.000186387	8.72572E-05	8.72373E-05	8.72558E-05
0.012012663	0.012012829	0.012013295	0.000186356	0.000186408	0.000186385	8.7251E-05	8.72324E-05	8.72591E-05
0.012012748	0.012012907	0.012013349	0.000186358	0.000186403	0.000186383	8.72448E-05	8.72268E-05	8.72611E-05
0.01201286	0.012013003	0.012013455	0.000186353	0.000186402	0.000186386	8.72466E-05	8.72307E-05	8.72628E-05
0.012012983	0.012013112	0.012013581	0.000186349	0.000186401	0.000186389	8.72486E-05	8.72367E-05	8.72613E-05
0.012013099	0.012013228	0.012013696	0.000186361	0.0001864	0.000186392	8.72392E-05	8.72365E-05	8.72517E-05
0.012013217	0.012013344	0.012013806	0.000186374	0.000186396	0.000186393	8.72305E-05	8.72343E-05	8.72417E-05
0.012013094	0.012013237	0.012013695	0.000186376	0.000186389	0.000186391	8.72352E-05	8.72361E-05	8.72398E-05
0.012012969	0.012013132	0.012013583	0.000186373	0.000186383	0.000186389	8.72441E-05	8.72373E-05	8.72406E-05
0.012012841	0.012013023	0.012013468	0.000186373	0.000186383	0.000186391	8.72476E-05	8.7231E-05	8.7238E-05
0.012012721	0.012012913	0.012013355	0.000186375	0.000186385	0.000186395	8.72479E-05	8.72262E-05	8.72359E-05
0.012012619	0.012012809	0.01201325	0.000186374	0.000186382	0.000186392	8.72497E-05	8.72323E-05	8.72381E-05
0.012012527	0.012012711	0.012013149	0.000186373	0.00018638	0.000186391	8.72486E-05	8.72423E-05	8.72418E-05
0.01201244	0.012012617	0.012013045	0.000186372	0.000186379	0.000186388	8.72365E-05	8.725E-05	8.7247E-05
0.012012359	0.012012531	0.01201295	0.000186371	0.000186377	0.000186386	8.7225E-05	8.72556E-05	8.72494E-05
0.012012287	0.012012455	0.012012875	0.000186369	0.000186375	0.000186386	8.72264E-05	8.72591E-05	8.72427E-05
0.012012224	0.012012389	0.012012814	0.000186367	0.000186374	0.000186385	8.72313E-05	8.72608E-05	8.72352E-05
0.012012172	0.012012335	0.012012758	0.000186365	0.000186373	0.000186384	8.72325E-05	8.72623E-05	8.72355E-05
0.01201213	0.012012292	0.012012711	0.000186364	0.000186373	0.000186382	8.72291E-05	8.72627E-05	8.72383E-05
0.012012096	0.012012259	0.012012676	0.000186363	0.000186371	0.00018638	8.72195E-05	8.72583E-05	8.724E-05
0.01201207	0.012012236	0.012012654	0.000186363	0.00018637	0.000186379	8.72087E-05	8.72558E-05	8.72395E-05
0.012012055	0.012012221	0.012012641	0.000186362	0.000186369	0.000186378	8.72008E-05	8.72629E-05	8.72341E-05
0.012012048	0.012012217	0.012012641	0.000186361	0.000186369	0.000186378	8.71968E-05	8.72715E-05	8.72293E-05
0.012012048	0.012012223	0.012012657	0.000186361	0.00018637	0.000186377	8.71965E-05	8.72742E-05	8.72294E-05
0.01201206	0.012012241	0.012012686	0.000186361	0.000186371	0.000186376	8.72001E-05	8.72736E-05	8.72326E-05
0.012012087	0.012012275	0.012012725	0.000186361	0.00018637	0.000186375	8.72092E-05	8.72716E-05	8.72389E-05
0.012012128	0.01201232	0.012012772	0.000186362	0.00018637	0.000186375	8.7218E-05	8.72702E-05	8.72443E-05
0.012012181	0.012012371	0.012012828	0.000186362	0.00018637	0.000186375	8.72207E-05	8.72715E-05	8.72442E-05
0.012012245	0.012012432	0.012012891	0.000186361	0.000186371	0.000186375	8.72206E-05	8.72738E-05	8.72426E-05
0.012012318	0.012012504	0.012012958	0.000186362	0.000186371	0.000186376	8.72206E-05	8.72723E-05	8.72414E-05
0.012012399	0.012012588	0.012013034	0.000186363	0.000186372	0.000186377	8.72205E-05	8.72712E-05	8.72395E-05
0.012012486	0.012012681	0.012013123	0.000186364	0.000186373	0.000186377	8.72203E-05	8.72702E-05	8.72392E-05
0.012012578	0.012012781	0.012013223	0.000186364	0.000186376	0.000186378	8.72199E-05	8.72691E-05	8.72392E-05
0.012012675	0.012012889	0.012013334	0.000186366	0.000186377	0.000186379	8.72195E-05	8.72682E-05	8.72385E-05
0.01201278	0.012013001	0.01201345	0.000186368	0.000186378	0.000186381	8.7219E-05	8.72674E-05	8.72374E-05
0.012012889	0.012013113	0.012013562	0.000186369	0.000186379	0.000186382	8.72181E-05	8.72667E-05	8.72363E-05
0.012013006	0.012013233	0.012013678	0.000186371	0.000186381	0.000186383	8.72171E-05	8.7266E-05	8.72353E-05
0.012013139	0.012013347	0.012013806	0.000186373	0.000186383	0.000186385	8.72161E-05	8.72649E-05	8.7234E-05
0.01201326	0.012013479	0.012013939	0.000186375	0.000186384	0.000186386	8.72153E-05	8.72639E-05	8.7233E-05
0.012013159	0.012013269	0.012013815	0.000186375	0.000186388	0.000186387	8.72147E-05	8.72635E-05	8.72326E-05
0.012013092	0.012013073	0.01201369	0.000186377	0.000186389	0.000186387	8.72143E-05	8.72634E-05	8.72323E-05
0.012013098	0.012013002	0.012013551	0.000186379	0.000186383	0.000186388	8.72141E-05	8.72632E-05	8.72318E-05
0.012013089	0.012012956	0.012013415	0.000186382	0.000186376	0.000186388	8.72139E-05	8.7263E-05	8.72312E-05
0.012012983	0.012012836	0.0120133	0.000186375	0.000186373	0.00018639	8.72139E-05	8.72626E-05	8.72303E-05
0.012012831	0.012012686	0.012013195	0.000186368	0.000186365	0.00018639	8.7214E-05	8.72624E-05	8.72296E-05
0.01201265	0.012012553	0.012013104	0.000186367	0.00018636	0.000186384	8.72139E-05	8.72625E-05	8.7229E-05
0.012012499	0.01201243	0.012013007	0.000186368	0.000186356	0.000186378	8.7214E-05	8.72626E-05	8.72288E-05
0.012012462	0.012012297	0.012012877	0.000186369	0.000186354	0.000186376	8.72145E-05	8.72621E-05	8.72292E-05
0.012012448	0.012012195	0.012012755	0.000186369	0.000186352	0.000186375	8.72153E-05	8.72616E-05	8.72298E-05
0.012012357	0.012012162	0.012012678	0.000186368	0.000186353	0.000186374	8.7216E-05	8.72613E-05	8.72303E-05
0.012012259	0.012012162	0.01201263	0.000186367	0.000186353	0.000186371	8.72169E-05	8.72615E-05	8.72306E-05
0.012012241	0.012012196	0.012012594	0.000186371	0.000186349	0.000186364	8.72179E-05	8.72624E-05	8.723E-05
0.012012248	0.012012204	0.01201257	0.000186375	0.000186344	0.000186357	8.7219E-05	8.72636E-05	8.72296E-05
0.012012214	0.012012095	0.012012573	0.000186371	0.000186344	0.000186357	8.72198E-05	8.72648E-05	8.72304E-05
0.01201219	0.012011989	0.012012577	0.000186367	0.000186345	0.000186358	8.72205E-05	8.72659E-05	8.72317E-05
0.012012235	0.012012006	0.012012552	0.000186368	0.000186341	0.000186356	8.72212E-05	8.72668E-05	8.72324E-05
0.012012311	0.012012083	0.012012532	0.000186372	0.000186337	0.000186356	8.72219E-05	8.72675E-05	8.72331E-05
0.012012364	0.012012163	0.012012543	0.000186377	0.000186341	0.000186362	8.72231E-05	8.72689E-05	8.72354E-05
0.012012442	0.012012243	0.012012595	0.000186381	0.000186347	0.000186367	8.7224E-05	8.72701E-05	8.72371E-05
0.012012597	0.012012339	0.012012704	0.000186381	0.000186354	0.000186364	8.72237E-05	8.72697E-05	8.72358E-05
0.012012778	0.01201242	0.012012831	0.000186379	0.00018636	0.000186357	8.72232E-05	8.72697E-05	8.72339E-05
0.012012948	0.012012434	0.012012963	0.000186385	0.000186362	0.000186351	8.72238E-05	8.72668E-05	8.7235E-05
0.012013094	0.012012455	0.012013073	0.000186388	0.000186361	0.000186348	8.72238E-05	8.72639E-05	8.72338E-05
0.012013199	0.012012561	0.012013098	0.000186381	0.000186356	0.000186352	8.72207E-05	8.72626E-05	8.72286E-05
0.013701723	0.013702375	0.013703234	0.00021015	0.000210151	0.000210148	9.34095E-05	9.34378E-05	9.3389E-05
0.01998617	0.019990636	0.019992971	0.000307804	0.000307859	0.000307882	0.00011081	0.000110792	0.000110721
0.029097633	0.029107584	0.029112063	0.000449393	0.000449524	0.000449577	0.00013648	0.000136395	0.000136291
0.074643209	0.074680704	0.074695516	0.00115405	0.001154561	0.001154759	0.000276261	0.000275794	0.000275537
0.090284394	0.090331361	0.090349723	0.001393845	0.001394482	0.001394729	0.000324457	0.000323859	0.000323547
0.270911269	0.271066861	0.271126019	0.004200731	0.0042029	0.004203719	0.000873465	0.00087134	0.000870469
0.419000135	0.419245059	0.419337775	0.006501983	0.006505416	0.006506704	0.001322739	0.001319357	0.001318024
